UP    100    1278    483    2196
UP    200    946    560    4023
UP    300    1309    769    6012
UP    400    1863    1080    9236
UP    500    2381    1373    10499
UP    600    3011    1755    155667
UP    700    3551    2170    18404
UP    800    4150    2359    22677
UP    900    4429    2490    23256
UP    1000    5163    2995    26008
UP    1100    5619    3176    28744
UP    1200    6237    6629    33646
UP    1300    6481    3648    36800
UP    1400    7536    4123    41254
UP    1500    7135    4116    42518
UP    1600    7891    4431    46760
UP    1700    7344    4034    44307
UP    1800    9307    5114    40078
UP    1900    7978    4176    40570
UP    2000    8538    4869    44202
UP    2100    10496    6254    55798
UP    2200    11660    5971    57071
UP    2300    11155    6559    58217
UP    2400    12580    6496    64356
UP    2500    11325    6311    89096
UP    2600    12637    7066    73648
UP    2700    14620    11511    73735
UP    2800    15804    7085    74631
UP    2900    14035    7459    81224
UP    3000    13709    7324    86847
UP    3100    14450    8198    94827
UP    3200    14728    8537    98724
UP    3300    15501    8621    93309
UP    3400    15855    10382    92350
UP    3500    15976    9055    93048
UP    3600    14560    7868    83372
UP    3700    16917    10142    102172
UP    3800    24861    16058    128145
UP    3900    22384    12994    134163
UP    4000    22977    13662    130915
UP    4100    23299    15928    131002
UP    4200    25304    15379    146686
UP    4300    17393    9329    92994
UP    4400    20918    11807    121528
UP    4500    17072    30540    94631
UP    4600    16913    8518    92342
UP    4700    20936    13620    120586
UP    4800    21061    12313    133438
UP    4900    26677    16079    142525
UP    5000    23048    14856    834038
Down    100    17068    25996    2375
Down    200    67675    101284    4996
Down    300    129692    204678    6810
Down    400    259154    398773    11513
Down    500    404593    691072    13060
Down    600    630497    995493    18846
Down    700    766181    1500529    18834
Down    800    1203712    1965524    27825
Down    900    1352029    2094248    25063
Down    1000    1280604    2007841    23476
Down    1100    2060150    2595863    26608
Down    1200    1936479    3355424    29070
Down    1300    2160051    3478647    32706
Down    1400    2740570    4235255    39073
Down    1500    3041844    4831999    42283
Down    1600    3386623    5031047    41553
Down    1700    4364167    6444835    46993
Down    1800    6681094    10231277    64751
Down    1900    6844880    10541674    63943
Down    2000    5191421    8469142    47222
Down    2100    5733439    9846084    54817
Down    2200    5998220    9336502    50489
Down    2300    6456875    9619285    53859
Down    2400    7607549    11814338    63448
Down    2500    7855170    11966274    63529
Down    2600    8257378    12842750    67906
Down    2700    8970269    13855618    67453
Down    2800    9638240    14806767    67570
Down    2900    10282781    15855346    78645
Down    3000    11155447    17480829    82619
Down    3100    12434772    18102535    81335
Down    3200    12637658    19683915    79552
Down    3300    13378784    20579295    88405
Down    3400    14059257    21645210    92213
Down    3500    14815751    23172166    84644
Down    3600    15564267    24806013    97488
Down    3700    17097835    25571044    87148
Down    3800    17596183    27467181    89168
Down    3900    18764157    28476919    99618
Down    4000    19744143    29450630    93662
Down    4100    20493107    31980192    93337
Down    4200    22074848    33903317    98422
Down    4300    22287725    34788879    117787
Down    4400    24297164    36241734    112772
Down    4500    24804730    38764355    120241
Down    4600    25375947    40283666    105067
Down    4700    25937474    41496101    114971
Down    4800    28046428    42884928    122039
Down    4900    28842113    44842587    123598
Down    5000    31543358    47300434    129823
Random    100    6972    30319    5846
Random    200    26562    126556    15326
Random    300    55625    271793    22648
Random    400    114099    573213    34643
Random    500    155600    797056    40694
Random    600    257059    1169468    54099
Random    700    279296    1582343    62683
Random    800    454852    2180747    74841
Random    900    499288    2558355    83440
Random    1000    624242    3251784    94074
Random    1100    768167    3959827    102043
Random    1200    887896    4520819    110619
Random    1300    1001538    5650531    122975
Random    1400    1121659    6306562    129477
Random    1500    1399325    7542341    143273
Random    1600    1607660    8444214    154658
Random    1700    1776525    9496683    167254
Random    1800    1845455    10569556    175291
Random    1900    2204643    12386109    193683
Random    2000    2290913    13396102    190584
Random    2100    2433191    14844168    199776
Random    2200    3152262    16054000    225382
Random    2300    3015080    17636581    219874
Random    2400    3433564    19257352    236927
Random    2500    3821215    20348691    255376
Random    2600    4124095    22221320    272280
Random    2700    4354636    23606848    268065
Random    2800    4716747    25970133    287737
Random    2900    4971926    27912384    301319
Random    3000    5530179    28555580    299065
Random    3100    5768160    30774571    308610
Random    3200    5976919    33755158    318584
Random    3300    6556791    35085547    332082
Random    3400    6933497    37357432    352162
Random    3500    7573759    39907502    350172
Random    3600    8043555    42466827    377595
Random    3700    8669522    44642582    401054
Random    3800    8954446    47081765    405743
Random    3900    8882704    49171464    400023
Random    4000    9719755    51759067    424176
Random    4100    10287614    54089633    409657
Random    4200    10503631    58058320    435529
Random    4300    11435253    60858921    456807
Random    4400    11694119    62339289    459673
Random    4500    12103182    65259795    474340
Random    4600    12292864    69585520    481614
Random    4700    13232264    72639373    481118
Random    4800    14104133    74967534    505993
Random    4900    14770335    77445561    503023
Random    5000    15748636    82024059    525750